681533.5
900598.7
1461860
457344
1464314
2203396
1275857
867839
708872.5
610046.1
610976.1
425271.1
892348.9
1404780
433677.8
1571266
600218
811733.9
703987
722526
882470.7
1737932
925219.9
975398.7
790031.3
644617.5
1377275
3845035
945846.9
436865.3
820967.6
499813.5
1035019
317943.4
2111259
1392053
484302.8
651161.9
519967
620326
1245650
430713.7
819822
1014661
447330.2
724453.6
1110548
547027.7
453520.6
1485675
949573.6
834045.1
980303.7
1760169
1260329
891213.6
1605447
1394509
669355.4
1000158
738708
569652.8
699178.5
2832259
1320051
556867.1
490641.1
873528.4
1968773
1240317
3734781
1201137
734444.2
766297.9
968631.7
1037335
950801.6
724563.9
1287537
1222000
539668.7
483307.9
565475.7
312660.9
631170.6
262329.8
481672.2
1162279
533167.4
873311
765289
1374994
776728.4
822558.1
468372.8
802594.8
826324.3
940255.8
561665.6
1198151
518095.4
916088.7
960572.8
976558
1438330
472761.7
1373564
863738.8
644148.6
1320794
708266.5
1057096
1011359
1129234
1292209
483827.6
386312.4
1108925
4689965
582016.2
356444.3
442984.5
772559.2
930065
428676.1
484261.4
769617.9
433748.1
602630
782193.5
643346.8
786401.8
1296901
914062.7
1541483
441414.5
2371812
576314.5
1764904
1264269
604289.2
786534.8
472212.7
880106.3
730819.5
1428579
480118
806497.3
785009.7
1312852
661631.8
1753250
531082.8
1760780
701931.1
866289
1127016
892064.7
370120.3
1570992
920585.5
834052.4
611355.7
510332.7
916074.6
768049.2
968390.1
1068262
5101962
1158986
1408593
804760.4
381679.8
785752.2
466694.3
710137.7
933485
449282.4
1289875
471853.9
371441.2
708296.2
296923.2
700026.4
1390771
497632.5
826824.8
722125
268700.9
1310770
485856.9
826968.7
1495852
445719.7
579099.4
965830.7
1382602
310778.7
2886057
1135037
413686.4
509851.8
621437.9
1157159
537512.2
656007.6
429106.2
1992436
613707
533304.1
739652.1
1117609
743605.6
1799003
1378432
889351.4
922630
1087508
548166.1
769404.8
1349962
586337.7
830572.9
864862.9
2037789
903682.3
921942.5
606016
1762547
1299629
359673.7
696810.8
635903.9
1601365
840465.1
357013.1
887271
2218642
874041.5
826553.2
317162.6
814769.8
890128.2
1384143
1104764
834915.5
679518.7
826616.8
554751.2
752871.8
1584895
1049547
502834.2
750265
630053.6
651593.5
620431.7
1352053
801208.3
821805.7
895596.5
776829.6
1221680
635814.2
723518.7
1492363
517437.4
895340.1
1108904
2139145
908760.3
1152845
823115.4
708585.5
874307
1143345
478667.4
537905.2
542759
810288.8
532796.7
503172.9
1047535
680918.4
274393.3
691750.8
597285.1
781297.3
828273.7
894325.8
675825.4
310146.9
558277.2
947701.6
630458.1
443673.4
833331.3
3864442
355719.4
376983.1
1671256
1000082
1456762
1610410
922065.3
586448.5
746263.6
689456.4
2112355
477372
604061.8
1531433
622618.7
500216.9
650082.6
978670.1
558567.9
1444857
800712.8
1183899
381532.4
1048540
1219625
869913.7
453951.4
1028344
829903.4
616456.2
2631575
1155655
832789
931221.1
906933.7
890265
269142.8
459563.6
1068349
625638.8
466415.2
646981.3
373697
2797700
700815.5
1448407
1127220
552547.6
675602.5
939864.7
847794.9
753069.7
700850.5
1557334
1137430
299490.2
887476.6
649698.1
1949499
1134628
790484.4
586156.1
550130.5
425466.5
1219194
1530492
674884
727479.8
482882.6
370064.4
1115764
726754.5
639253.5
1475360
1351291
333382.7
865527.1
1667497
663995.8
431974.5
539853.3
1099445
619443.4
807554.7
502439.7
561923.9
1050539
788060.2
1778546
646929.4
555908.3
414569
914474.4
1199884
841556
1254282
2070524
862472.1
632452.6
1636343
1369028
1230934
521299
915334.4
1480119
559880.2
923416.2
924021.7
