130381.3
114448.7
140998.3
157408.7
133203.7
128156.6
138529
112168.9
107376.8
83165.75
83900.96
63735.01
97687.74
132954.6
140852.1
123318.2
135893.6
129667.4
122859.6
109455
150066
149534.9
120210.2
123950.2
105686.2
88427.22
111138.2
134455.1
146764.3
154277.5
170375.5
154842
127027.8
124491.4
116039.2
102398.9
73983.27
81228.54
84585.72
94389.81
95687.18
84065.51
84939.61
80383.37
66225.06
72418.89
75571.82
67182.54
51138.89
51657.62
73727.91
64704.1
83625.25
73897.81
70351.15
72873.52
85935.06
108890.3
114192.4
101400.1
113092.4
101698.4
92119.96
97702.75
95024.48
123686
111074.5
100759.3
95759.19
86328.01
67705.21
77214.53
75257.79
62879.59
65655.52
71052.33
77680.94
88641.5
85837.15
140001.5
126401.3
98432.58
125966.7
149769.3
152893.4
166773
144094.4
139052.6
155753.4
152107.8
133609.8
135122.3
150622.4
183328.1
173141.8
159668.3
132727.7
162082.2
137981.1
137500.9
135013.2
167295
145583
143779.2
130261.3
102623.9
104290.9
110624.3
91306.02
89705.75
85476.72
87016.8
99955.12
104163.2
92311.33
104160.9
97843.93
115006.9
109810.9
147054.6
137727.5
141910.9
132324.4
103140.9
80721.3
109319.9
116534.8
115523.8
117757.8
165424.2
175818.7
154811.1
148062.4
140562.5
129809.3
171355.2
137233.6
155499.2
135801.6
97269.53
95937.44
91046.07
80825.3
98490.92
113922.7
93934.57
110454.6
146097.7
131604
121276
104689
81250.77
93028.96
122313.9
166133.2
163702.8
160166.6
159250.9
133423.5
187935.5
155136.6
152163.8
121075.6
109412.6
117606.6
86682.6
94133.84
81188.89
68422.65
66013.15
92738.31
80422.31
88159.17
93005.6
80149.88
98363.63
78220.12
87102.77
82904.81
77555.96
87070.14
84115.03
68624.65
101533.2
118586.5
126460.1
136237.8
118995.4
126456.8
102648.4
109409.4
135500.1
90108.36
94204.62
102990.1
112537.2
144075.4
122565.3
118184.3
99497.4
98161.4
87253.71
94534.83
95604.18
104801.2
138435.8
132562.3
90633.95
117813.7
130748
133011.7
107076.8
133824.5
124164.6
140622.8
130000.2
130547.1
101803.5
118411.3
155746.6
141029.2
129420.9
143660.6
154203.5
116462.7
140442.2
106069.5
128503.5
119622.2
88681.8
115205.5
83886.28
86697.46
86320.01
73608.68
93493.95
87129.7
123045.6
86594.57
96207.77
129152.7
120643.6
135216.2
110208.5
116630.6
122099.1
131682.8
107700.2
130636.4
91251.48
95936.76
76480.11
64848.52
80413.59
118245
76074.25
69735.22
73459.35
56862.01
64077.02
78286.79
82085.99
76519.8
100109.1
97733.11
78558.4
79714.39
89401.16
85452.52
86839.76
104030
81248.11
122456.2
98386.15
104799.7
127528.8
120492.1
110687.4
161600
135930.1
143478.9
148184.8
126330
134078.7
141142.6
113964.8
68223.76
99558.61
82056.16
76089.1
60342.64
65255.88
53521.51
62537.59
75362.24
55822.93
51308.35
63885.87
62740.87
68873.58
57737.82
54849.4
67420.26
78118.67
77582.2
96052.77
165224.6
130899.4
154033.1
165612
182384.5
129314
114499.7
95284.61
77747.15
84879.09
66246.92
75509.59
85773.84
73051.14
90280.93
80936.25
78056.39
63674.59
66004.37
65733.45
78474.77
103994.5
83233.79
68537.8
74835.08
70748.72
77975.76
65416.83
65946.4
74937.03
84391.45
59770.06
57228.33
57721.04
56403.35
60071.94
56814.78
62204.59
76207.46
62948.46
57653.58
74443.8
72250.91
64973.72
72989.56
91132.9
101469.8
104077.4
78642.45
100622.5
111200
115016.1
104181.5
128298.1
153799.6
126585.4
132468.8
131829.7
115290
136606.6
131075
153923.7
147215.2
202893.3
141019.4
176547.6
125740.3
95035.42
105814.5
105276.6
86477.96
79768.81
108473.5
81787.05
81904.57
79379.26
97015.25
75486.86
57719.12
76748.85
99174.02
101650.7
113356.8
111771.4
122182.7
107468.2
84277.65
75116.49
63056.28
60321.49
53925.79
44556.34
45763.62
43958.01
44333.72
41908.89
57618.75
58770.45
53075.55
59512.81
69379.06
55727.01
79564.98
90703.57
82323.61
99570.34
83831.42
109033.8
105621.9
119375.1
113046.6
128513.3
154063.3
114616.3
101889.5
104638.4
90824.2
125676.2
147379.3
161067.3
146599.3
176358.6
150108.7
160793.4
142286.3
88171.81
104328.6
102457.7
112367
117065.6
85465.89
87817.24
88619.57
82707.07
69351.21
58314.89
67589.81
50101.66
46726.17
51053.47
58330.04
72670.26
73419.95
70782.01
59281.21
67025.4
67509.79
50383.49
72897.64
87142.52
86042.05
93032.28
103863.9
107534.3
114081
102398.9
77794.14
76634.25
68104.13
66183.29
75479.74
67391.61
79522.06
82099.3
90979.17
108405.6
102021.8
89938.15
120997.3
130072.8
125567.7
113196.5
95551.1
99458.65
90264.79
90562.71
102692
101171.2
89642.46
71159.42
81651
80543.16
96601.17
96769.35
100079.4
98481.28
118832.1
136397
165341.3
189151.8
147037.1
156874
132860.4
132309.3
