22744.23
22674.28
27671.06
29459.85
19023.47
9201.231
11933.85
12326.97
7241.971
7915.093
20884.13
18417.53
10693.15
19662.36
22855.96
18929.25
22516.47
26045.66
26351.45
34754.45
30747.49
21502.01
22166.27
23676.08
10175.18
17821.68
23088.17
19072.67
22869.51
18889.33
16882.78
25882.51
16736.37
20705.16
27525.46
21891.49
13464.31
13428.61
14204.84
10268.15
9157.51
20320.45
27681.2
31107.3
25070.06
32043.72
42401.25
27305.05
20358.73
26393.61
26449.84
26174.82
26926.64
14219.41
18489.61
17972.64
14720.53
15457.29
17607.22
22978.61
15930.73
12322.63
12918.91
11884.98
20334.7
15807.94
19575.73
24060.15
20522.39
15367.49
14354.44
9037.843
11751.31
19213.52
33589.27
29374.83
23959.71
26674.56
15772.25
7649.049
6913.248
5820.079
13002.31
16440.89
20877.14
12717.65
13906.83
16106.94
19061.58
20348.32
37076.79
37734
31789.76
22742.76
14944.05
26174.34
38203.43
25090.07
23806.38
35532.97
36367.71
52034.1
26235.06
22627.16
24440.95
13416.11
8223.309
16016.65
29601.42
25960.09
17572.92
13779.14
15090.13
11969.65
20554.41
18803.29
49117.92
14187.74
9109.114
14296.29
18603.06
20474.49
23393.9
27465.64
14832.65
14070.13
18566.84
23443.74
18184.92
22791.07
35242.22
44668.27
45585.28
41629.51
31711.38
25508.23
14075.3
16607.62
16363.81
13302.89
7863.727
11740.28
18875.6
13852.9
24775.98
17531.56
18490.62
16043.05
18595.74
24312.37
33358.24
19054.2
29390
16757.99
28765.25
18636.86
36081.53
25628.72
27186.36
35750.11
14320.12
23704.67
31829.51
40613.06
25154.09
13958.87
22553.72
32951.38
32371.33
18712.01
23220.17
26901.8
30820.95
36459.27
23777.2
21453.69
16422.15
19341.39
19884.82
21527.11
33577.45
19680.9
25453.26
17653.81
11211.35
11784.4
12541.41
20837.86
9579.055
18258.29
19843.4
34091.1
26501.73
37306.97
26584.23
37934.59
17758.04
38754.05
30402.48
33610.5
21151.46
15859.7
18684.31
20914.86
21563.9
32460.17
34875.53
26620.25
37070.61
16476.93
12944.2
11403.09
12116.47
14021.26
10933.12
16565.24
22823.91
12594.18
45216.67
25841.5
44247.68
37502.53
23691.14
30048.29
25755.24
16707.73
15650.44
27528.53
8635.413
20690.29
22961.39
18352.9
14999.9
25961.14
14010.55
18032.71
20503
18436.49
24528.97
45241.8
27241.81
19377.01
21779.3
12944.28
20023.14
16656.97
30026.3
22588.28
17541.07
38947.06
34094.09
34772.52
18509.82
26047.99
35665.99
22787.93
16869.24
15894.41
11476.92
22838.97
12684.96
12833.58
11708.67
17352.58
23967.41
27354.41
14288
10183.27
11412.55
15900.54
13659.32
17386.09
36851.68
87529.48
35113.54
20422.77
23341.68
32473.62
15927.65
26361.05
20354.63
22990.19
25003.6
17227.82
23209.95
29086.97
28305.78
19484.05
19238.06
15040.49
14102.61
13246.4
16200.74
16024.57
17551.61
15117.42
21740.77
20813.73
18357.43
9347.067
16630.15
24631.16
17002.73
13473.31
19738.81
26234.99
29923.05
15241.19
12106.03
10441.75
15206.2
21025.9
18701.79
13638.83
11660.35
11354.55
17646.32
11233.92
25412.39
19212.11
22533.51
23638.08
19514.93
21024.47
17857.34
16193.77
23983.2
15352.1
11314.98
13356.8
11536.28
16000.66
23724.85
24167.29
28082.38
53385.71
17555.86
12167.81
7210.98
17834.14
22891.83
11783.83
14831.19
24095.06
59481.72
27401.47
34466.95
25912.26
18696.52
18261.75
9777.88
17364.19
16507.63
30741.86
30961.12
10560.81
14685.89
28007.16
19815.29
22532.74
20833.49
19117.89
23628.7
36902.23
18696.63
13151.5
12073.04
11662.12
10897.61
11233.27
15798.07
20508.68
18003.7
21525.62
19097
15820.51
34784.36
12778.7
18221.41
12628.75
14844.13
23440.67
20941.06
40200.3
27275.69
17066.97
27435.9
19347.14
18340.85
30296.09
21977.34
27103.57
25444.66
15305.37
17700.5
20994.8
22162.42
18818.87
13384.87
9193.925
11865.93
7820.818
11436.48
15449.06
25067.97
25409.86
