14542.1
32226.73
42167.08
23094.81
15553.51
32985.77
36354.23
21109.68
21286.52
18724.5
50786.31
90519.8
46592.43
40532.88
57448.83
39451.19
18087.82
33846.83
24146.6
46076.39
50768.41
48600.89
41025
35219.89
41636.04
51191.47
64337.52
63497.73
31898.99
44585.11
57267.66
44530.68
36310
67271.34
40513.24
44067.97
56700.35
41961.64
47876.63
30961.58
18388.74
26077.52
29684.06
51264.35
71575.5
50861.81
33263.98
30998.92
21168.58
32339.94
29398.92
26715.79
32725.26
50191.74
71951.96
54723.48
59264.23
53762.55
39878.51
44770.54
54081.95
66362.08
42623.15
36735.9
53023.17
43827.08
56558.96
33782.44
35860.53
30774.63
29721.37
28896
49122.3
47260.09
56672.84
71707.49
71067.2
26469.97
32527.87
33458.93
55380.42
61403.32
36290.94
36791.23
28741.52
23422.42
14301.32
18033.66
25868.62
25258.28
17541.17
13540.49
15125.4
36353.31
45748.89
51472.32
40451.52
57782.92
50463.3
35703.12
81612.92
73112.64
58140.92
49893.66
26650.09
36398.77
19103.6
29420.73
31411.53
57136.39
52045.78
25968.94
23971.69
17902.19
24404.5
13435.69
16721.23
36896.77
27460.02
22672.35
29988.34
29090.6
42548.3
51013.46
34637.65
32519.99
28980.88
27604.78
41206.14
58425.14
43738.19
53052
41051.14
48299.94
27012.96
35308.69
46113.85
28066.77
26381.56
25061.68
19853.66
17444.26
31259.34
31216.33
41869.16
30548.55
42080.96
33362.37
30725.96
51042.15
37696.03
26268.88
37828.78
37927.94
39982.94
53838.11
48847.11
30863.44
33834.35
33293.5
31501.34
19530.46
39973.34
73606.67
63360.85
52707.59
36985.62
35832.57
23592.85
29057.04
34848.51
28545.56
20939.18
21741.84
20648.27
21552.22
25923.14
30260.29
23304.04
28609.52
20199.32
27106.78
37919.66
22835.13
34887.81
37900.86
53816.22
71610.74
72562.37
84268.14
102785.1
39863.2
68403.73
40990.2
31934.03
17452.92
25880.84
40204.63
38000.62
21204.07
13764.88
16311.95
31209.23
27681.76
33735
43536.06
65656.91
43271.04
43324.85
44356.84
45001.32
34036.93
54254.63
102927.7
74834.43
41203.5
34458.1
18256.36
11524.45
24613.18
25170.01
33835.31
24425.66
23705.81
39325.88
31757.87
20863.79
62137.4
31064.99
38266.49
38153.29
36416.23
34209.56
56311.01
45981.05
51509.48
26127.29
17253.99
27131.46
22857.63
11459.13
12956.69
29869.24
37543.5
46182.25
28679.11
39911.75
24153.98
27130.87
19701.08
22244.19
14607.31
9155.216
21578.12
25319.98
35951.01
36546.81
34087.58
25284.95
25466.95
32690.43
17858.47
30484.21
21279.54
17185.94
8216.453
12543.89
40742.89
28605.33
24720.63
25307.24
28192.73
17724.89
13074.95
27739.36
20853.6
16383.49
24756.68
31429.99
20092.98
29703.07
28564.67
13054.69
18614.48
11535.47
23047.64
39759.51
30273.56
54997.24
38340.65
24361.12
30233.17
39139.66
16316.1
21551.88
36467.16
28587
45568.5
47572.26
41583.23
39653.76
34750.85
63823.81
69038.36
57655.08
32250.93
30599.69
27208.07
35690.45
29469.87
37633.64
23903.98
35764.65
36390.83
35022.52
40731.14
45395.86
31369.17
29821.9
29827.17
31342.37
19371.61
29892.85
30195.85
22745.83
35853.78
54101.9
35548.42
36853.74
28624.31
21351.56
39322.92
74823.7
63010.71
68826.04
88635.74
91235.75
72817.7
58326.11
44964.95
30724.3
43398.82
77582.99
48520.75
51243.09
53492.89
48760.2
49523.4
26487.9
32414.08
35008.14
17808.45
27681.38
24415.01
32880.65
26639.11
33600.66
71501.4
45305.89
74250.77
60898.55
37156.11
39944.41
40675.37
32802.5
33700.08
35480.01
63767.79
38096.88
45077.96
40019.59
35184.72
35953.7
30745.23
24311.78
19050.69
30524.34
45547.59
51375.75
36691.45
46400.42
28479.36
29228.18
29205.42
41775.72
27478.54
15618.77
29896.15
36458.66
50499.53
40490.74
47686.11
28553.01
26546.22
29088.18
58561.95
43679.76
43945.01
19977.97
20793.75
27198.18
41537.64
25186.62
28023.99
50578.84
29295.74
