49572.86
49889.23
43824.98
47007.05
71544.1
50620.36
30433.62
29036.46
18798.83
31786.76
41737.31
46481.42
41188.88
56088.77
48393.6
60213.07
60993.59
62781.72
60043.36
52182.64
45497.22
52724.06
51099.51
44634.14
65320.12
36315.15
30094.2
24318.15
28546.39
23105.08
33811.92
27134.48
32745.73
47122.36
43054.14
45903.38
51273.09
30482.25
56207.61
61497.02
89784.71
75031.76
139638.7
77341.89
64733.29
47739.23
34873.39
42862.32
37558.82
32654.67
27427.12
33183.93
34087.83
43818.62
27397.36
41354.12
53091.61
72934.14
57377.54
38751.75
59387.51
44099.74
45738.06
51398.2
51309.78
63486.51
92953.8
98052.69
102479.5
60852.09
33893.84
32821.63
63265.84
52294.57
49337.56
77943.34
41680.66
41549.11
74175.52
112260.8
86667.46
116912.2
119801.7
108249.8
74505.82
50848.88
89903.26
73463.43
70988.02
60450.59
54081.51
49033.9
49846.78
41574.23
83092.35
70742.97
70276.6
48167.37
47857.4
26490.68
39130.98
58437.56
57312.53
59763.33
61347.81
64664.56
52275.3
66531.71
36255.01
43703.54
69089.34
75822.24
72409.22
72051.03
72851.74
66065.39
41351.23
22675.17
18232.74
26187.95
36700.97
42144.83
29817.82
42791.87
94289.35
69120.5
64339.05
69126.22
76538.68
82557.02
117255.5
85801.49
83979.38
76561.81
46214.79
43072.74
12709.08
27714.28
23216.6
21713.44
30501.36
25067.54
39654.37
54145.45
64100.72
58943.99
47207.23
35382.41
38365.64
57810.08
58237.05
53164.6
72139.63
63670.36
82611.55
51473.46
62091.15
69349.13
52729.34
66963.21
70134.58
56918.57
77929.23
85069.81
49409.92
73977.66
87463.63
82992.48
88615.45
84150.17
63628.3
56375.86
59051.17
63627.91
55843.28
43283.02
34938.87
31737.54
41286.14
58389.11
56399.28
51154.65
67369.23
77837.29
76435.08
71985.47
75960.16
46211.67
53122.32
42789.5
34207.51
40961.95
83653.61
50674.4
56680.62
50852.26
36224.6
46738.69
39310.75
36153.77
35404.48
37630.29
30531.76
48823.98
50993.05
54417.99
86675.81
81918.84
53761.36
27244.97
19656.84
44660.28
65739.86
68110.28
73783.59
65437.41
35121.88
32605.94
34129.76
48487.58
34139.4
34491.71
57298.92
61521.75
58396.58
52531.08
40550.3
42531.38
55281.07
50056.71
36434.39
39955.03
45614.71
46301.89
90741.38
99916
94920.84
90226.21
66052.04
47604.07
43821.66
62440.05
48721.27
53406.59
78189.53
70536.57
71272.09
54329.75
35559.44
33932.16
26797.04
43848.6
75557.88
48829.44
55583.27
47332.13
53124.43
66406.16
43657.84
47821.62
49908.72
59995.38
47095.1
59909.47
89717.65
38233.23
35816.65
25332.01
30225.45
37300.29
62778.63
45060.2
59590.24
89268.95
84994.29
80600.19
70058.68
94577.06
68620.29
71406.42
50765.32
40391.9
26758.61
30440.9
60604.1
62029.7
65854.95
70874.53
51924.82
44355.38
60695.55
64088.74
39661.57
37444.24
46660.12
53297.14
55993.51
39141.75
59597.47
41310.4
56884.35
50752.48
24234.27
38884.73
51220.66
44996.62
72423.69
49271.55
66512.58
56668.02
70858.42
84080.33
64701.64
58010.05
44848.69
55566.5
47984.8
69137.81
64783.54
73575.14
63022.28
68373.29
118194.5
121109.8
75520.18
57175.45
37829.99
38896.55
28990.52
42519.12
29005.78
52363.43
89680.9
85209.89
97985.5
126948.2
78105.21
77169.83
93417.88
97706.93
128303.3
107117.6
136511.5
88474.18
85170.95
142742.3
106446
95995.67
54587.13
68318.12
66243.54
53936.41
55786.72
72999.04
56471.45
49156.86
40147.14
61031.8
55017.31
58136.16
48580.56
46179.72
35566.48
61760.27
55581.28
58099.41
56018.26
63885.29
82289.04
99426.6
83806.13
113067.7
74577.91
63076.58
58265.39
62628.28
49286.41
35951.3
30841.86
25853.93
35893.66
38267.15
27850.21
56532.63
45392.84
50602.4
66857.46
45253.46
61020.94
49573.79
25736.17
34606.39
57507.76
55664.35
69718.81
75146.53
56644.01
42699.34
36535.09
57114.45
38673.44
51187.72
70897.31
78116.02
71973.41
41068.61
