6131.51
32091.06
112094.8
64122.21
75582.2
37862.92
48199.03
45710.79
42025.95
130256.9
97948.81
151324.6
101098.6
27862.1
51544.05
77483.29
33696.97
83746.72
73332.75
110265.2
86938.81
70624.56
19509.56
38349.02
64727.16
35887.49
49225.34
69393.86
46881.15
56486.08
81329.15
67133.21
67567.3
76128.2
45930.64
104782.9
133603.7
38105.28
117140.2
47716.92
41076.8
18167.92
23565.77
16378.84
15555.04
20732.49
17357.28
38481.72
39183.92
25941.64
14215.91
36499.38
48377.35
67584.13
68539.33
39354.74
46595.73
72985.45
87138.08
87271.39
70885.98
71860.21
102706.3
133272
73753.11
232443.7
57206.32
79372.66
107425.6
59135.99
135289.3
115892.8
61752.05
63104.01
32071.2
53029.21
83695.61
52889.81
53064.52
25867.43
66408.16
29095.86
42442.3
39493.97
15143.47
25060.41
43941.61
15486.9
6611.503
12536.61
6951.146
13878.61
38045.1
20032.1
34443.65
37550.02
31458.8
31793.47
16715.89
45411.93
42405.29
49557.17
34827.27
59465.62
34941.67
34199.03
65278.2
35603.87
68726.67
50126.48
101180.4
94041.06
67816.78
109624.5
62241.37
20853.67
46601.51
28801.58
36374.62
52388.02
56553.39
73795.06
69463.62
34899.25
93274.82
130102.9
62346.76
59410.77
20086.49
27345.26
26783.29
10934.29
12497.12
61342.19
41435.06
38084.38
56298.57
90532.51
94787.05
71392.6
108264.8
53215.95
37298.97
41953.17
55973.32
68225.78
71359.12
64422.96
53092.03
61427.89
25413.77
53520.54
56288.04
91255.56
63967.22
83657.07
18045.26
50091
58703.64
21538.99
33963.73
31416.9
33291.24
21637.15
28543.25
39812.83
39416.66
50386.2
36029.32
99009.93
84107.21
36634.66
78908.92
61192.18
57708.42
27803.39
20617.81
18511.93
34227
58309.87
89234.46
66285.76
55073.89
39395.59
13478.48
25137.32
49754.23
34657.02
64977.22
47246.53
37438.73
59414.16
101948.5
49819.29
65583.07
77811.93
61506.78
40899.12
58280.66
85854.81
153427.9
31486.72
51287.78
53678.09
42551.36
24409.95
10896.09
86941.54
68468.72
34247.63
16400.52
80067.31
35615.3
72005.04
61652.12
101278.6
99331.63
53123.42
54025.69
100359.3
58001.13
97187.94
52638.79
59514.48
36064.47
9033.514
16187.26
67663.34
94986.11
138762.9
110795.7
61608.71
56632.73
63248.83
78109.03
68255.1
120279.6
114019
49545.84
20284.58
19339.4
29499.96
65187
55842.51
53380.42
119706.4
27156.83
37495.21
81928.05
39489.57
38656.33
65064.3
46722.83
32524.03
47366.25
34943.19
46574.12
23266.78
26028.04
85307.28
83500.69
47704.7
81058.81
114851
134070.1
53339.11
86125.01
103955.7
48953.07
43144.28
52324.99
39154.71
17664.62
8513.843
32874.45
19747.02
26824.62
14886.83
13303.76
45519.96
58962.8
37246.61
47620.14
160393
66067.48
49422.52
75694.33
35784.33
68206.47
81904.7
134268.2
107927.4
74847.48
54693.64
38828.06
133396
111474.1
79631.09
137052.7
49543.11
53828.32
63666.28
48886.48
24171.91
26915.02
149170.5
52553.39
45050.03
31470.99
17279.58
26875.79
7504.66
20333.32
39706.59
81511.27
51364.77
47275.6
137520
40868.94
16817.12
23173.61
38617.74
15404.3
18642.32
41681.13
33215.36
37955.43
81119.07
71951.48
28792.72
81524.36
82512.3
85898.43
43809.18
36593.67
16395.31
52372.21
102855.5
34456.1
36966.26
48851.06
30760.74
24235.96
11989.98
15424.45
8945.567
10239.31
23019.55
94087.04
60500.21
85642.64
49081.68
36723.65
35336.36
10572.23
13217.5
7664.979
11563.78
12099.52
22646.35
47666.93
106091.6
98825.93
68347.2
83236.9
71587.73
82299.9
141995
71334.07
59798.01
21714.29
34010.87
38100.81
80473.47
37608.98
71783.13
76131.11
30634.15
22561.13
49910.03
55580.42
18778.92
25741.89
24683.59
45172.01
53560.61
53641.12
101169
36796.03
50819.41
105109.6
88424.4
111909
40306.51
68482.19
36114.46
83739.67
56286.2
66920.1
64539.6
23843.29
24226.78
24404.29
45001.64
92653.79
109511.4
