31150.73
192844.5
117187.4
149127.1
249651.4
266779.1
114450.9
240125.8
154010.3
190809.5
281628.9
159178.7
122320.8
292605.1
444330.4
247614.1
145039.2
205271.2
267282.6
188770.7
212282.2
225440.5
112260.5
238524.4
119809.4
177996.5
227368
156063.5
241819.6
117920.9
203938.9
181001.5
174098.6
86584.51
86492.85
170563.7
127080
208922.7
421433.3
247264.2
158694.2
201725.4
208980.4
171718.2
210646.7
95186.87
170151.2
70998.49
51093.85
126672.9
100701.2
182789.6
147140.7
164910.6
125973.2
216314.9
161997.7
185910.6
180505.5
151215.6
108351.2
157076.8
217831.6
148910.7
236392.7
141640.5
245780
285661.1
148831
133371.1
91131.66
200843.9
178898.9
135178.2
248497.3
112523.5
164210.1
195207.9
189145
167442
183378
82551.08
381343.2
239907.4
106376.4
148841.4
192125.2
158720.7
94884.65
105378.1
182980
149797.5
130396.1
125891.5
168326.6
175389.5
306391.7
213775.1
106374.7
35095.85
56343.78
101116.2
63092.56
169874.3
81476.41
101982.2
78162.07
166039.8
49328.78
107254.1
281945.8
237287.8
155330.2
85295.51
75361.02
229958.8
73043.52
36684.9
50442.68
101891.1
202343
320586.9
128432.5
236646.8
178271.9
196948.1
191123.7
63777.05
104438.1
102121.2
143463.6
98566.57
216008.6
140899.7
178635.1
107091.7
309836.8
146871
162554.1
84349.89
85491.99
91894.81
154379.4
267868
112948.6
151990.7
184132.5
253704.8
207175.6
284534.2
380919.3
203045.6
265484.5
271173.1
133313
173397.9
284120.7
126522.1
129824.7
76160.04
59047.66
114138.7
78989.85
39610.7
28481.22
29568.13
35118.1
39486.04
20454.06
8687.47
7890.376
12028.65
27895.89
137150
83471.32
125544.4
145375.7
184237.5
130201.5
149229.4
243285.9
131693.8
119923.4
236581.2
214139.4
168095.8
149545.5
133870
145038.4
182343.4
130062.5
235750.2
154624.4
158967.7
109171.1
237551.1
115390.7
155317.3
66536.02
149749.4
165807.5
281063.3
366214.1
193862.7
207405.5
166992.9
106782.2
206794.5
90081.02
176336.1
162745.6
217652.8
295306.7
394521.4
265710.9
271040.3
225232.8
262535
113158.8
112861.8
62592.48
147109.9
97079.36
196991.5
344701.3
200407.1
139411.9
85987.99
137435.5
142628.7
131053.6
68344.79
202897.3
129104.4
106921.6
230094.9
182784.1
117927.5
117676.8
86617.7
81971.15
211365.5
145313.9
211572.4
221031.8
144998.2
144784
179931.1
130308.1
169843.6
150849.3
92416.4
135960.8
178905.1
400469.4
292976.4
182671.9
208860.1
266325.3
235377
114085.3
83804.84
161601
221723.2
121629.2
138729.4
79482.1
49123.05
138580.4
114737.9
166456.5
136795.7
110398
151399.7
67182.28
86332.52
64993.46
28112.67
92482.42
104362.2
76111.63
175791.8
193890.8
65086.27
114270.8
125397.7
177643.6
139592.9
66624.71
33542.44
64292.92
137355.3
116925
263593.3
197483.3
209935.5
315433.8
193365.1
191483.8
105440.6
71008.56
156852.5
103307.8
67563.61
36330.89
104651.2
167313.5
184190.5
96124.81
122578.5
114149.6
104711.3
209501.4
237276.4
166713.1
200988.9
224137.1
151089.1
109420.8
316420.4
349502
271527.5
203600.1
211372
143014.2
131022.3
41224.26
83776.05
50564.3
54998.37
38149.64
69529.48
172045.9
224225.5
199483.1
272998.2
81087.72
71329.01
281974.8
65150.12
42602.15
47987.11
105798.1
73097.2
72517.62
108799.6
97836.17
242018.3
119911.1
209256.4
213502.8
250774
115211.9
114474.9
256591.1
250094.8
286246.7
365405.8
162807.5
217465.2
177225
83056.93
151802.2
207894
150924.6
161678.3
243948.6
104468
189008.2
243014.7
177851.5
195632.9
198143.4
88305.69
79488.12
169500
150851
101437
144626.5
72993.32
181347.2
269481.9
138902.5
124938.8
154970.3
227115.8
161701.6
191618.1
203854.9
77555.14
244347.7
240597.1
123478.8
167601.9
211145.1
204325.1
159661.1
189746.2
98568.35
138171.9
166983.1
319105.1
281276
179960.4
120761
159554.8
90590.5
136652.6
210044.1
240100.2
151352
131248.7
154826
164635.4
120376.3
162868.5
117600.8
29445.89
54530.44
50202.12
57004.76
45803.87
25035.39
17552.35
67533.79
139307.7
179310.7
93099.81
193124.8
297604.7
211050.4
219403.5
191517.7
134334.6
30265.17
116408.6
146737.4
169405
105558.3
105811.2
104830.7
58164.26
140168.2
83062.18
76798.02
13787.57
9965.426
10012.55
31315.18
61402.28
182249.6
111920.6
68264.62
188552.1
76379.98
244298.1
158415.3
120651.8
141262.5
103479.5
203286
153658.4
158888.7
48755.89
75916.49
34428.46
16592.72
12845.36
14770.35
5198.781
14399.04
20730.62
31221.13
74144.56
116136
97337.31
71279.03
125035.3
144158.4
294582.5
406613.6
403817
209544
257657.7
251141.8
299252.6
145668.7
131370.9
95269.24
82621.97
110715
103862.4
106655.7
61925.14
98253.86
133132.9
153485.8
177161.5
247676.3
281566.3
