6680.656
6617.923
6538.066
6649.543
6652.449
6545.321
6530.298
6422.034
6440.181
6449.861
6579.034
6565.125
6426.794
6410.025
6413.637
6364.746
6344.538
6477.111
6615.967
6668.274
6587.07
6718.014
6697.048
6807.428
6676.376
6688.864
6637.666
6742.689
6756.801
6880.469
6859.516
6911.531
6785.288
6693.75
6669.398
6719.408
6651.006
6606.845
6381.931
6346.488
6391.425
6330.895
6464.334
6528.758
6470.957
6540.456
6516.079
6580.715
6527.282
6684.416
6656.181
6703.41
6772.211
6761.39
6849.337
6807.928
6826.465
6786.178
6798.292
6808.316
6805.83
6872.049
6891.881
6786.898
6706.46
6730.243
6898.761
6958.255
7114.043
7106.731
6955.651
6789.497
6732.638
6683.536
6706.037
6643.745
6667.726
6615.525
6645.495
6624.354
6755.213
6685.488
6599.57
6646.256
6572.158
6499.937
6506.158
6492.361
6408.532
6410.402
6477.694
6511.853
6534.07
6458.344
6430.856
6378.882
6333.344
6361.593
6236.683
6223.103
6148.025
6078.341
6271.628
6280.607
6306.428
6231.594
6179.632
6184.322
6085.497
5975.889
6053.733
6154.165
6191.241
6113.44
5988.772
5977.929
5986.126
6024.917
6020.307
5995.77
5972.326
5994.648
6032.079
5988.625
6154.81
6070.302
6155.886
6349.441
6323.02
6354.815
6344.2
6385.883
6406.315
6517.98
6646.245
6738.153
6670.458
6633.678
6569.399
6525.551
6478.254
6449.505
6454.098
6445.592
6477
6371.153
6400.115
6328.105
6253.403
6167.325
6068.42
5979.389
6053.849
6046.12
6059.212
5987.034
5939.747
5895.863
5804.2
5807.381
5744.103
5830.492
5822.529
5826.76
6030.157
5944.984
6014.828
6084.239
6222.047
6384.073
6292.247
6244.127
6149.836
6158.436
6032.245
6065.26
6004.257
5945.82
5863.728
5959.652
5905.008
5903.931
5880.135
5968.475
5912.513
6049.234
6218.2
6288.325
6417.062
6429.491
6467.152
6403.323
6513.732
6463.439
6486.399
6457.262
6477.958
6528.555
6563.974
6642.744
6728.895
6657.016
6551.009
6522.822
6483.297
6590.677
6633.347
6687.519
6711.497
6695.998
6681.496
6838.038
6902.354
6843.413
6915.733
6894.792
6849.696
6892.639
6933.202
7013.583
7011.827
6896.162
6937.775
6873.457
6717.995
6914.013
7001.56
7077.51
6959.077
7016.05
7022.707
6937.076
6775.698
6717.605
6765.925
6871.053
6932.167
6886.207
6751.32
6900.125
6806.624
6711.588
6805.701
6740.889
6672.058
6612.364
6658.845
6715.988
6903.102
6887.169
6877.039
6835.755
6761.009
6774.561
6709.587
6717.02
6691.085
6834.417
6831.142
6914.696
6892.421
6878.218
6833.518
6897.524
6977.367
6882.032
6845.141
6746.374
6662.154
6627.556
6498.31
6338.707
6280.909
6363.28
6445.276
6393.481
6179.796
6171.509
6128.888
6145.525
6387.753
6515.723
6420.199
6477.032
6564.22
6448.754
6431.161
6409.409
6367.238
6530.912
6542.813
6574.693
6554.677
6590.291
6536.102
6360.214
6349.133
6319.257
6357.792
6463.067
6412.725
6507.14
6448.507
6581.339
6476.266
6498.154
6491.06
6514.575
6566.632
6504.329
6502.806
6375.128
6480.488
6526.315
6612.36
6618.634
6619.889
6672.691
6683.878
6744.235
6710.223
6769.992
6755.615
6817.257
6850.577
6930.024
6768.561
6690.796
6644.572
6708.906
6643.628
6571.564
6692.04
6550.007
6552.166
6679.685
6847.691
6953.498
7043.836
6917.252
6874.137
6966.835
6935.854
6910.303
6771.736
6701.741
6651.143
6600.507
6598.539
6601.389
6651.057
6593.203
6688.49
6639.104
6585.238
6513.893
6430.125
6400.135
6317.084
6252.274
6216.353
6271.085
6215.379
6074.326
6189.424
6095.811
6000.077
5942.185
6012.194
6079.756
6103.396
6246.345
6370.838
6361.909
6347.336
6362.092
6346.552
6406.842
6320.087
6359.86
6396.957
6306.825
6238.925
6320.495
6219.633
6217.377
6277.28
6187.132
6309.01
6146.693
6094.592
5944.977
5967.502
5857.475
5842.128
5812.064
5855.336
5940.403
5930.613
5939.393
5997.765
6016.517
6174.494
6138.686
6070.436
6041.315
