398193.9
341864.2
380847.5
332113.8
349833.9
358821.2
383452.9
373295.3
379947.4
386797.1
361550.5
426517.2
396752.9
410060.2
355258
388121.6
362865.8
403681.7
388925.7
379360.1
400014.7
381624.9
417985.9
357669.4
387472.4
416835.4
403876.6
379364.5
427789.2
375766.6
422570.8
391096.5
415325.4
407997.4
445027.3
359368.7
358616.4
470711.3
370050
384858.4
419060.1
400382.6
355311.9
410386.5
439682.3
411970.4
383437.1
400207.4
353636
332517.9
359073.2
418621
409614.6
360470.9
411034.6
338028
334510.2
371179.7
390076.1
358830.4
356096.2
396359.8
420266
386053.7
406338
375915.3
434704
337622.9
379459.6
428692.4
433938.1
386130.9
366152.3
410806.9
414589.6
439503.9
372087
384389.6
345362.5
348306.5
300626
308985.6
296837.5
330034.1
357724.7
375332.6
395672.4
378501.5
394565.6
442449.4
391787
410541.5
379831.8
340043.6
374991.6
351713.4
393388.1
419817.3
365523.6
371321.8
361834
372554.7
373807.4
399067.9
396707.8
379714.2
386126.3
388734.6
420703.1
408706.6
392444.8
338277
372506.2
344645.9
349389.8
402341.1
392642.3
402656
419216.6
406659
396948
369603.1
347140.2
373412.4
353832.3
413104.2
354625.3
339367.1
403973.4
438830.7
345425.4
382622.3
382913
323877.2
346008.7
362969.7
409819.2
395062.5
425497.5
395579.7
363720
326396.9
418301.8
397111
418518
384040.9
423354.3
438897.3
415428.7
453418.6
382571.4
385203.8
346948
319107.2
367423.8
381884.6
422376.3
417854.4
383281.6
367548.7
348220
360095.7
350585.9
341208.5
377911.9
382711.9
353177.6
358081.8
339249.4
366232.3
395833.5
373670.3
411172
356843.6
352140.3
359924.2
420416.9
379113.9
359372.8
388155.4
376527.3
326002.3
384261.9
407160.9
391079.7
371247.3
364011.7
357702.9
406499.8
365102.9
407959.5
372644.2
371869.4
387833.3
340845.3
404935.5
355921
398614.3
356166.6
359828.1
416744.2
424141.1
424741.2
438284.8
374533.3
377442.4
395481.8
374375.7
367460.3
449574.4
457068.9
431206
370266.7
411554.6
340764
394172.6
397544.4
407090.1
353500.8
354600.5
430021.6
397469
389134
354422.4
415032.1
405437.5
381176.1
391407.3
376392
355781.5
390356.1
415097.2
411201
354670.9
317376.5
302090.8
356792.9
305987.7
332647.3
360721.4
383325.5
405770.1
362791.6
425729.9
411717.4
419197.9
358531.8
433409.9
412475.1
411841
446800.7
385691.6
438103.3
445628.2
400218.4
405801
390481.9
394186.4
376063.8
347110.4
303829.9
368312.1
397900.5
402947.6
367764.4
380136.9
356366.3
366179.8
362144.1
438522
353501.3
393462.6
408673.7
417907.4
407339.3
411124
385107.8
395308.3
381636.6
394700.3
415517.7
425525.1
406748
392455.8
442945.6
391940.4
367209.3
382705.9
464071.9
379498.1
413834
393059.5
405887.8
418265.5
382053.1
385616.9
370391.2
382509.2
376888.7
400137.8
341769.3
354787.7
388336.3
389660.7
395142.7
356263.2
351540
363159.3
442337.8
409367.5
371612
367214.1
374986.5
390884.2
374939.6
430826.7
406114.9
405876.7
425342.7
410182.6
361050
368643.3
367306.8
326992.4
395501.2
420891.6
397495.4
395841.5
336451
376111.8
342149.5
426375.8
357718.2
352321
396608.5
400490.2
407257.4
337266.9
338895.7
354674.4
383026.4
377047.2
347116.3
417467.8
411377.5
338133.3
356763.7
404806.7
422635.8
389763.9
410210.5
405095.4
394362.3
399463.1
421639.1
424205.5
413454.5
412956.5
417650.4
379819.8
377144.1
399670
392892.3
392798.7
394043.5
384878.8
399801.4
365435.1
394384.2
376705.9
393407.1
389985.5
388924.3
356581.2
335512
391998.2
361778.9
362690.1
371578.6
376898.8
432422.1
438150.5
414793.2
389653.5
435124.8
362271.5
386953.6
375733.4
386588.7
396081.4
374835.8
392328.4
356552.3
337283.1
375893.2
379198.5
373502.5
355215.8
402502.4
361253.5
488483
404349.9
361818.5
408459.6
371842
411717
